currentGen,iteration1,iteration2,iteration3,iteration4,iteration5,iteration6,iteration7,iteration8,iteration9,iteration10,iteration11,iteration12,iteration13,iteration14,iteration15,iteration16,iteration17,iteration18,iteration19,iteration20,iteration21,iteration22,iteration23,iteration24,iteration25,iteration26,iteration27,iteration28,iteration29,iteration30,iteration31,iteration32,iteration33,iteration34,iteration35,iteration36,iteration37,iteration38,iteration39,iteration40,iteration41,iteration42,iteration43,iteration44,iteration45,iteration46,iteration47,iteration48,iteration49,iteration50,iteration51,iteration52,iteration53,iteration54,iteration55,iteration56,iteration57,iteration58,iteration59,iteration60,iteration61,iteration62,iteration63,iteration64,iteration65,iteration66,iteration67,iteration68,iteration69,iteration70,iteration71,iteration72,iteration73,iteration74,iteration75,iteration76,iteration77,iteration78,iteration79,iteration80,iteration81,iteration82,iteration83,iteration84,iteration85,iteration86,iteration87,iteration88,iteration89,iteration90,iteration91,iteration92,iteration93,iteration94,iteration95,iteration96,iteration97,iteration98,iteration99,iteration100,mean
0,0.010485777655956562,0.0015412984160374926,0.0052545217765557865,0.00042944876099580465,1.846384966941629e-05,0.0031828738833280645,0.00028492452050471944,0.004297524323285614,0.000899038356627913,0.002058309161053488,0.0011372852086288317,0.004275366387186772,0.0001306030576308125,0.002351669489139936,0.0013484943399766896,0.001092682191839423,0.0053725523183454135,0.0007280753187122996,0.0014090525974650445,0.0011357426828104728,0.004316291720520959,0.0012825548217400185,0.0008302394020550938,0.003003706296474545,0.0010646585698103886,0.00915671564977083,0.00014655909919418806,0.007237159591289507,0.005031186068152595,0.0018258084068712784,0.0010148673962794368,0.011187416389551943,0.00742581915265885,0.0009773082342172286,0.003416183955155281,0.006401941655542481,0.018335402043821992,0.00020706529656274648,0.0028439445486439906,0.0001694577025234996,0.002570978258560858,0.0017698526857921203,0.00016122060671415993,0.004625056670929372,0.0015247897761214413,0.0014436196019614635,0.003119321500472949,0.002538458941617995,0.00014428250543692194,0.006670772960610579,0.001914167389175981,0.0027377051697144144,0.008950001120863816,0.002029985522804035,0.0006158840203987384,0.00014235666774714805,0.002082623928318185,0.0007963208224960703,0.0023677865000177206,0.0007933622515483382,0.006875457946883498,0.001917378289088739,0.003939266958095526,0.005121096485087568,0.0011438559443712846,0.0002137747774304608,0.0015657833895073294,0.01202448677965584,0.002952353577967609,0.00014418108934038796,0.00735924003606293,0.005227789865721208,0.0008483757695221644,0.0031000825672426887,0.0023666912323063497,0.0001919514248269131,0.00040930832224169117,0.00027934327071593896,0.004756399632528044,0.0026375266649054604,0.0032350490483011043,0.00011675631110963148,0.0011052080897414882,3.2495114134626825e-05,0.0008383451452362433,0.0017472230518214868,0.0006728622816116604,0.001482972711316378,0.009477005531973452,0.0021251202452144975,0.0014663370264384784,0.009642361659707895,0.001061413481459453,0.0012670583781099504,0.0007013331529874204,0.0008059669541146215,0.0005026503594566717,0.003872392291284427,0.0042463859630228334,0.0003675201620515655,0.002881473381804853
1,0.00879048937076381,0.0014702880822359688,0.0030869420307414724,0.00042944876099580465,1.846384966941629e-05,0.00072505713125095,0.00028492452050471944,0.00010768874399230016,0.000899038356627913,0.000996188281976624,0.0011372852086288317,0.0019370197266043308,0.0001306030576308125,0.0010627609989472381,0.0013484943399766896,0.0006895980258055206,0.0012145587225305186,0.0007280753187122996,0.000598274148720775,0.0011071562431217569,0.0010423583394268332,0.0012825548217400185,0.0006438169715023673,0.003003706296474545,0.00022687692630045728,7.157166401602105e-05,0.00014655909919418806,0.007237159591289507,4.175464698463118e-05,0.0018258084068712784,0.0010148673962794368,0.0027510120937020437,0.006543607817405721,0.0009773082342172286,0.003416183955155281,0.0015335353468808092,0.0017931973133163436,0.00020706529656274648,0.00014394916316381673,0.0001694577025234996,0.0018287058977758926,0.0017698526857921203,0.00016122060671415993,0.003952584767024868,0.0011229164928122115,0.0008206286832701673,6.666921405467974e-05,0.0006790898420034811,0.00014428250543692194,0.0008625033508505358,0.001914167389175981,0.00011726926484104875,0.008950001120863816,0.0020149354434911377,0.0006158840203987384,0.00014235666774714805,0.00044415480869051846,5.607177569000467e-06,0.000647515331800761,0.0007933622515483382,0.006875457946883498,0.001917378289088739,0.003939266958095526,0.005121096485087568,0.0011438559443712846,7.832945385752267e-05,0.0015185460699925551,0.0015321301194474398,0.002952353577967609,0.00014418108934038796,1.1073400781187037e-05,0.00018063642971546457,0.00018774271099470448,0.0031000825672426887,0.0023666912323063497,0.0001919514248269131,0.00040930832224169117,0.00027934327071593896,0.003312925916414679,0.0026375266649054604,0.0032350490483011043,0.00011675631110963148,9.695964513757859e-05,3.2495114134626825e-05,0.0008383451452362433,0.0017472230518214868,0.00034293335068981895,0.001482972711316378,0.006921993379833043,0.0004622911169581813,0.0012039230241497106,0.0017437226855745152,0.00030793814711730223,0.0012670583781099504,0.0007013331529874204,0.0008059669541146215,0.0005026503594566717,0.00020544779003157216,0.0042463859630228334,0.0001939650554155853,0.0015224370178310148
2,0.00368470959284416,0.0008225692968229492,0.0030869420307414724,4.5682347807389064e-05,1.846384966941629e-05,0.00072505713125095,0.00028492452050471944,7.018954114926032e-05,0.000899038356627913,0.00040523447290629933,0.0011372852086288317,1.0698868617699252e-05,0.0001306030576308125,0.0005034946052364082,0.0013484943399766896,0.0006895980258055206,4.5683868480731907e-05,0.0007280753187122996,0.0005061464284714449,1.3187203533931846e-05,0.0010423583394268332,0.0012825548217400185,0.0006438169715023673,0.003003706296474545,0.00022687692630045728,7.157166401602105e-05,0.00014655909919418806,0.006284316104582761,4.175464698463118e-05,0.00015600809119827264,0.0007886992713683524,0.0027510120937020437,0.0034797701409106656,0.0007683020994179941,0.0007336853382869367,8.246561427799723e-05,0.0017931973133163436,0.00020706529656274648,0.00014394916316381673,0.0001694577025234996,0.0018287058977758926,0.00029082138680824724,0.00016122060671415993,0.001189289371374806,0.0005008312789993823,5.8476656535325787e-05,6.666921405467974e-05,3.9032742061878655e-05,3.370708397086503e-05,0.0004339926752235782,0.001914167389175981,0.00011726926484104875,0.0008041206037967403,0.0020149354434911377,6.426439710788536e-05,0.00014235666774714805,0.00013524297359379447,5.607177569000467e-06,3.5899513227045494e-05,0.0007933622515483382,0.00010250193453074181,0.001917378289088739,0.0004334087614794832,4.693096942988285e-05,0.0011438559443712846,7.832945385752267e-05,0.0008133455550679379,0.00080252636115602,0.0002729352867266943,0.00014418108934038796,1.1073400781187037e-05,0.00018063642971546457,0.00018774271099470448,0.0031000825672426887,0.000810633949944835,0.0001919514248269131,6.31373530292075e-05,0.00027934327071593896,0.00038822686293878475,0.0026375266649054604,0.001587486121320532,4.257055805800361e-05,9.695964513757859e-05,3.2495114134626825e-05,0.00010315151036978822,0.0013035095014848077,0.0002261050944348795,0.001482972711316378,0.0004597119521977398,6.296311671357587e-05,0.000744578923584985,0.0017437226855745152,0.00030793814711730223,0.0004888204670165431,0.0007013331529874204,0.0001989392777978289,0.0005026503594566717,0.00020544779003157216,0.0007246230926640077,0.0001939650554155853,0.0007441887021294453
3,0.00040221437848036816,0.0006862511622000217,4.2198119353206305e-05,4.5682347807389064e-05,1.846384966941629e-05,0.00041795625336509055,0.00028492452050471944,7.018954114926032e-05,0.000899038356627913,0.00024710544216964336,0.0011372852086288317,1.0698868617699252e-05,0.0001306030576308125,1.3834261845109877e-06,0.0013484943399766896,0.00014563503487356475,4.5683868480731907e-05,0.0007280753187122996,0.0005061464284714449,1.3187203533931846e-05,0.0002297781321869537,0.00021136095870517434,5.373481920376318e-05,0.003003706296474545,7.330421891328209e-05,7.157166401602105e-05,0.00014655909919418806,0.000638767601308326,4.175464698463118e-05,0.00015600809119827264,0.00015959987727540248,0.0027510120937020437,9.041630790317545e-05,5.5404436018604224e-05,0.0007336853382869367,8.246561427799723e-05,0.0007010806926701613,0.00020706529656274648,0.00014394916316381673,0.0001694577025234996,0.00043874970831883446,0.00029082138680824724,0.00016122060671415993,0.001189289371374806,0.0001125625747721371,5.8476656535325787e-05,6.666921405467974e-05,3.9032742061878655e-05,3.370708397086503e-05,1.1427640947040484e-05,0.0007515686636005018,3.619214465701895e-05,0.00012129764671498148,9.66568184836458e-05,6.426439710788536e-05,0.00014235666774714805,0.00013524297359379447,5.607177569000467e-06,3.5899513227045494e-05,0.0007933622515483382,0.00010250193453074181,1.604466223382281e-05,0.0004334087614794832,4.693096942988285e-05,5.4470188016484053e-05,7.832945385752267e-05,0.0003917325798771852,3.2684362514338175e-06,0.00013828651520022666,0.00014418108934038796,1.1073400781187037e-05,0.0001672385915706414,1.0783480617679885e-06,0.0031000825672426887,0.000810633949944835,0.0001919514248269131,6.31373530292075e-05,0.00027934327071593896,4.8802094972277755e-05,0.0026375266649054604,0.0005151145171155403,4.257055805800361e-05,9.695964513757859e-05,3.2495114134626825e-05,0.00010315151036978822,0.0013035095014848077,0.0002261050944348795,0.00033136683123207686,0.0004597119521977398,6.296311671357587e-05,1.758557901033705e-05,0.0012249597082193034,0.00013955421538402034,0.0004888204670165431,0.00011354811466794337,0.0001989392777978289,0.0003712266883240109,4.2525215363413325e-05,0.0007246230926640077,0.0001939650554155853,0.00036896021527824135
4,0.00040221437848036816,0.00039159285957864,4.2198119353206305e-05,4.5682347807389064e-05,1.846384966941629e-05,2.624868510735426e-05,0.00028492452050471944,7.018954114926032e-05,0.0003814739953893887,4.766352559100936e-05,0.0009406797758239874,1.0698868617699252e-05,0.0001306030576308125,1.3834261845109877e-06,0.0013331708893658068,0.00014563503487356475,4.5683868480731907e-05,7.596854427458943e-06,0.0004439435596867074,1.3187203533931846e-05,0.0001471692673777464,0.00021136095870517434,5.373481920376318e-05,0.00021300841703218203,2.0037373433802498e-05,7.157166401602105e-05,4.9487764976196526e-05,8.190060568857224e-05,3.0002769050520543e-06,4.6219109292397946e-05,0.00015959987727540248,0.0027510120937020437,9.041630790317545e-05,5.5404436018604224e-05,0.00022956571007034122,8.246561427799723e-05,2.631156185900904e-05,7.7347983818963e-05,8.948038003027897e-06,0.0001694577025234996,3.853209446848781e-05,0.00029082138680824724,0.00016122060671415993,0.0010744965257571772,0.0001125625747721371,1.9043226288163172e-07,6.666921405467974e-05,3.9032742061878655e-05,2.9096751948031345e-05,1.1427640947040484e-05,0.00015999209289109894,6.027773514323048e-06,0.00012129764671498148,9.66568184836458e-05,6.426439710788536e-05,2.0176057382658176e-05,0.00013524297359379447,5.607177569000467e-06,3.5899513227045494e-05,7.51258881770347e-06,3.223687293019148e-05,1.604466223382281e-05,0.0004334087614794832,4.693096942988285e-05,5.4470188016484053e-05,2.3089745800354013e-06,0.00012896539635584418,3.2684362514338175e-06,2.8412262946551267e-05,1.7582329406700998e-05,1.1073400781187037e-05,8.71509558056553e-05,1.0783480617679885e-06,0.0031000825672426887,0.0005891634608226346,0.00016914890149688036,6.31373530292075e-05,0.00027934327071593896,4.8802094972277755e-05,0.0026375266649054604,0.0005151145171155403,4.257055805800361e-05,9.695964513757859e-05,3.2495114134626825e-05,3.9667165847739525e-05,0.0006957386217437537,1.9711588302743335e-05,0.00033136683123207686,0.00019421726095010097,6.296311671357587e-05,1.758557901033705e-05,0.000818364701031732,0.00013955421538402034,1.1564854926295132e-05,0.00011354811466794337,0.0001989392777978289,0.0001492716808152163,4.059812214378029e-05,0.0002700508946340958,0.0001939650554155853,0.00023542363738962495
5,0.0002868842953993177,0.00013266776458297982,4.2198119353206305e-05,3.599608302986023e-05,1.846384966941629e-05,2.624868510735426e-05,4.000864457786737e-06,4.656103967631116e-05,3.272256082888116e-05,4.766352559100936e-05,9.718280784744143e-06,1.0698868617699252e-05,0.0001306030576308125,1.3834261845109877e-06,3.245757398687951e-05,4.516065763161488e-05,1.4183201973818602e-05,7.596854427458943e-06,0.00039441103897672484,1.3187203533931846e-05,1.181431979196237e-05,3.77381224833623e-05,5.373481920376318e-05,0.00021300841703218203,1.4009465231828585e-05,7.157166401602105e-05,4.9487764976196526e-05,8.190060568857224e-05,3.0002769050520543e-06,3.213135985910322e-05,1.342367824566387e-05,0.0015619803650318126,9.041630790317545e-05,5.5404436018604224e-05,3.999688102355359e-05,6.477045985484503e-05,2.631156185900904e-05,7.7347983818963e-05,8.948038003027897e-06,0.0001694577025234996,3.853209446848781e-05,5.364613005438551e-05,4.313067868459575e-05,0.001027983366236884,0.0001125625747721371,1.9043226288163172e-07,2.0876546209219776e-05,4.217521769097149e-06,5.595882541289033e-06,1.1427640947040484e-05,0.00015999209289109894,6.027773514323048e-06,5.687303606386357e-05,9.66568184836458e-05,6.426439710788536e-05,5.599937949543496e-07,0.00013524297359379447,5.607177569000467e-06,3.5899513227045494e-05,7.51258881770347e-06,1.0593097832434404e-05,1.604466223382281e-05,0.00029479390687369653,4.693096942988285e-05,1.631978767098766e-05,2.3089745800354013e-06,4.873297380990938e-05,3.2684362514338175e-06,2.8412262946551267e-05,1.7582329406700998e-05,1.1073400781187037e-05,8.116386852285534e-05,1.0783480617679885e-06,0.00011319397712839011,0.0005891634608226346,2.9087366008919022e-05,6.31373530292075e-05,0.00027934327071593896,4.8802094972277755e-05,0.0026375266649054604,0.0004900027128963925,2.3193801113578652e-05,4.975066135874199e-05,3.2495114134626825e-05,3.9667165847739525e-05,0.00013920802521778504,1.9711588302743335e-05,0.00011681148535978614,0.00013199017479810548,3.052100145082467e-05,1.758557901033705e-05,5.600795524823444e-07,0.00013955421538402034,4.623344294674536e-06,0.00011354811466794337,3.237052703336958e-05,4.11638936275599e-07,2.5231690180429927e-05,6.305732363247907e-05,0.0001939650554155853,0.00011898876918495871
6,0.000220415168295959,5.7154724325675084e-05,4.2198119353206305e-05,3.599608302986023e-05,1.846384966941629e-05,2.624868510735426e-05,4.000864457786737e-06,2.3545322998539917e-08,3.244568572515663e-05,4.766352559100936e-05,9.718280784744143e-06,1.0698868617699252e-05,1.0280330697442252e-05,1.3834261845109877e-06,3.245757398687951e-05,1.549924630557473e-06,1.4183201973818602e-05,7.596854427458943e-06,4.805094209340338e-05,1.3187203533931846e-05,1.181431979196237e-05,3.77381224833623e-05,4.535381688651134e-05,2.1117008997090848e-05,9.917847381012666e-06,1.432232403074169e-05,2.263272157731348e-05,1.1712363014038003e-05,3.0002769050520543e-06,3.213135985910322e-05,1.5841198429330796e-06,0.0015619803650318126,9.041630790317545e-05,2.3923905935376746e-05,3.480137148473396e-05,6.477045985484503e-05,2.631156185900904e-05,7.7347983818963e-05,8.948038003027897e-06,0.0001694577025234996,3.853209446848781e-05,5.364613005438551e-05,4.313067868459575e-05,0.0005679286971227834,0.0001125625747721371,1.9043226288163172e-07,2.0876546209219776e-05,4.217521769097149e-06,2.754326027877556e-07,1.1427640947040484e-05,0.00015999209289109894,6.027773514323048e-06,4.841948676815057e-05,9.66568184836458e-05,1.326855609920605e-05,5.599937949543496e-07,3.097099753345691e-06,5.607177569000467e-06,3.856142398525637e-06,7.51258881770347e-06,9.070888446873274e-08,9.494180681279448e-06,3.620574588695061e-05,4.693096942988285e-05,1.631978767098766e-05,9.998563200263939e-07,3.020756563274433e-05,3.2684362514338175e-06,4.282508848516304e-06,7.635161332292456e-06,1.1073400781187037e-05,8.116386852285534e-05,1.0783480617679885e-06,0.00011319397712839011,1.0115620883296559e-05,2.9087366008919022e-05,4.920113480461638e-06,0.00027934327071593896,1.0812610426600449e-05,0.00015348120844070997,0.00022791086597965968,2.3193801113578652e-05,4.975066135874199e-05,3.2495114134626825e-05,2.7376761285829545e-05,0.00013920802521778504,1.9711588302743335e-05,1.843725017753615e-05,7.91521485214283e-06,3.052100145082467e-05,4.9253232840186895e-08,5.600795524823444e-07,6.764688920164603e-05,4.623344294674536e-06,3.930447256594615e-05,2.9548141136633436e-05,4.11638936275599e-07,7.110906181274873e-07,5.085879296807931e-05,1.6051844156610447e-05,5.7367748499012975e-05
7,1.990579514253793e-06,9.780367302060735e-06,4.2198119353206305e-05,3.599608302986023e-05,1.846384966941629e-05,4.8364533948122626e-06,4.000864457786737e-06,2.3545322998539917e-08,3.244568572515663e-05,3.988675990040776e-05,9.718280784744143e-06,1.0698868617699252e-05,1.0280330697442252e-05,1.3834261845109877e-06,3.245757398687951e-05,1.3605903826394535e-06,1.1483487340915364e-05,7.596854427458943e-06,4.805094209340338e-05,1.1431230423205762e-05,1.181431979196237e-05,8.015310625557303e-06,2.5200196386294626e-05,1.2712475383067858e-05,9.917847381012666e-06,1.432232403074169e-05,2.263272157731348e-05,5.590475271659794e-06,3.0002769050520543e-06,3.213135985910322e-05,1.5841198429330796e-06,0.00014624007259173862,9.041630790317545e-05,2.3923905935376746e-05,4.458840465626309e-06,1.5159293777729492e-05,2.0520409611219065e-06,3.918222296371036e-05,4.493631291436796e-06,0.0001694577025234996,3.622017242011438e-05,4.1582333752442915e-05,4.262020925815655e-05,0.0005679286971227834,2.74973958352464e-05,1.9043226288163172e-07,2.0876546209219776e-05,4.217521769097149e-06,2.754326027877556e-07,1.1427640947040484e-05,0.00015999209289109894,4.564680021060579e-06,2.1510099473894365e-05,9.66568184836458e-05,6.0783522130502006e-06,4.045226419731089e-07,3.097099753345691e-06,5.607177569000467e-06,3.856142398525637e-06,3.550148746413282e-06,9.070888446873274e-08,9.494180681279448e-06,3.620574588695061e-05,1.96028159629377e-05,1.631978767098766e-05,9.998563200263939e-07,1.9342766240082037e-06,3.2684362514338175e-06,4.282508848516304e-06,3.1417214724631948e-06,1.1073400781187037e-05,4.062841600284203e-05,3.5569480406746966e-07,5.669587806709143e-06,1.8527418871628483e-06,6.525902582803401e-07,4.920113480461638e-06,7.928994690255506e-06,1.0812610426600449e-05,0.00015348120844070997,0.0001943087634667157,2.3193801113578652e-05,4.582362140868108e-07,5.197569290041801e-06,6.69991173806098e-06,3.6674342597341045e-06,7.64605128627116e-06,1.843725017753615e-05,2.6601040546228448e-06,4.838008381434325e-06,4.9253232840186895e-08,5.600795524823444e-07,1.2402115860851502e-06,1.6605173123504209e-06,9.191731263895405e-06,1.5056809455268573e-05,4.11638936275599e-07,5.748783123063277e-07,5.085879296807931e-05,1.6051844156610447e-05,2.730021138388377e-05
8,1.990579514253793e-06,3.9375801871559485e-06,2.905419442942283e-06,2.1175139874735307e-07,6.179631276513248e-07,1.6419793672928112e-06,4.000864457786737e-06,2.3545322998539917e-08,8.487020729386549e-06,7.248072160094022e-07,8.418596366362668e-06,2.030702564176984e-06,1.0280330697442252e-05,2.4125853936874904e-07,7.55486129855869e-07,1.3605903826394535e-06,1.1483487340915364e-05,7.596854427458943e-06,3.6136758079710447e-06,1.1431230423205762e-05,8.39494138290661e-06,8.015310625557303e-06,5.547634886483553e-06,1.2712475383067858e-05,2.5814248612477197e-06,9.647109578852872e-07,3.2417491869210485e-06,5.590475271659794e-06,3.0002769050520543e-06,2.3518417664821483e-06,1.5841198429330796e-06,4.307366734807772e-05,5.5395926925535616e-05,1.3392749572015387e-07,4.458840465626309e-06,7.077173252037094e-06,2.0520409611219065e-06,8.576071991723354e-06,3.395967722011589e-06,7.663765437353826e-06,3.622017242011438e-05,8.14280665832708e-06,3.155777848158728e-05,1.4037860550146564e-06,2.0001989738650405e-05,1.9043226288163172e-07,1.882874082880654e-05,4.217521769097149e-06,2.754326027877556e-07,1.1427640947040484e-05,5.8475846056165236e-05,4.564680021060579e-06,4.6776097426832006e-06,2.6253345264700708e-05,6.0783522130502006e-06,4.045226419731089e-07,3.097099753345691e-06,3.981867488632231e-06,1.6546375763044988e-06,3.550148746413282e-06,9.070888446873274e-08,9.494180681279448e-06,2.8017060550379834e-05,1.3544278562919398e-07,1.1907111078202742e-05,9.998563200263939e-07,1.9342766240082037e-06,1.4995689295017822e-07,2.3042854098051103e-06,7.864754771558368e-07,1.5209941567911304e-06,2.3955631248888573e-05,3.5569480406746966e-07,5.669587806709143e-06,1.8527418871628483e-06,4.335786831164707e-07,4.920113480461638e-06,7.928994690255506e-06,6.056721890693855e-06,6.851440070251514e-05,0.0001034205697166158,9.451070432357297e-06,4.582362140868108e-07,5.145470057231575e-06,6.69991173806098e-06,3.6674342597341045e-06,7.64605128627116e-06,1.843725017753615e-05,2.6601040546228448e-06,3.311061169219804e-06,4.9253232840186895e-08,5.600795524823444e-07,9.257298019999158e-07,1.6605173123504209e-06,9.191731263895405e-06,8.10001501528491e-06,4.11638936275599e-07,4.6029255749801954e-07,4.415141826650497e-05,1.9228144277891107e-06,9.179289409088867e-06
9,1.990579514253793e-06,2.6610688651699754e-07,2.905419442942283e-06,2.1175139874735307e-07,6.179631276513248e-07,9.668303793458287e-07,4.000864457786737e-06,2.3545322998539917e-08,8.487020729386549e-06,7.248072160094022e-07,7.248352308176124e-06,2.030702564176984e-06,1.0280330697442252e-05,2.4125853936874904e-07,7.55486129855869e-07,1.3605903826394535e-06,1.754905365299293e-07,7.596854427458943e-06,3.6136758079710447e-06,1.1431230423205762e-05,6.591976825248098e-09,8.015310625557303e-06,4.748968599938921e-06,1.2712475383067858e-05,2.5814248612477197e-06,9.647109578852872e-07,6.495346038579351e-07,2.339500199467611e-06,9.11031863203702e-07,2.3518417664821483e-06,5.281640563052647e-07,9.537490883830898e-06,5.726747490518505e-07,1.3392749572015387e-07,7.114889866225814e-07,7.077173252037094e-06,5.158234686059862e-07,6.814753388317095e-06,2.708510801501469e-06,6.234775280245791e-06,3.3257580577435584e-05,7.347610630328629e-06,8.508208665253833e-06,1.4037860550146564e-06,2.0001989738650405e-05,1.9043226288163172e-07,1.882874082880654e-05,4.217521769097149e-06,2.754326027877556e-07,5.020650721457816e-06,5.8475846056165236e-05,3.390570208685123e-06,8.463256003121032e-07,2.482927895669783e-06,6.0783522130502006e-06,7.057809769615684e-08,8.644518794855738e-07,1.5548436926383376e-06,5.078497250734346e-07,2.421367295708339e-06,9.070888446873274e-08,1.3753903060077791e-06,2.290137857342894e-06,1.3544278562919398e-07,1.3977940816620878e-06,7.259023808738576e-08,1.9342766240082037e-06,1.4995689295017822e-07,4.730976249957066e-08,7.864754771558368e-07,1.3866399179321685e-06,1.4836943789705265e-07,2.3222035609554803e-07,1.2832508714008857e-06,1.8527418871628483e-06,4.335786831164707e-07,4.920113480461638e-06,7.913613548375358e-06,2.7725504242959792e-06,6.851440070251514e-05,1.6454323911735594e-05,3.8683841439962046e-07,4.582362140868108e-07,5.145470057231575e-06,6.69991173806098e-06,3.6674342597341045e-06,6.33259744673487e-06,7.9414494323819e-06,2.1312753883565284e-06,1.0381705106665154e-06,4.9253232840186895e-08,5.600795524823444e-07,9.257298019999158e-07,1.6605173123504209e-06,4.7366506444048225e-06,2.771013916121343e-06,3.925190538951146e-07,4.6029255749801954e-07,5.079033153903661e-06,1.9228144277891107e-06,4.773412732541726e-06
10,1.990579514253793e-06,1.5124691816341754e-07,2.905419442942283e-06,2.1175139874735307e-07,6.179631276513248e-07,9.668303793458287e-07,2.763269565066554e-06,2.3545322998539917e-08,8.487020729386549e-06,3.098323518599512e-07,6.27659365995841e-06,2.030702564176984e-06,1.0280330697442252e-05,2.4125853936874904e-07,7.55486129855869e-07,6.106379439015902e-09,1.754905365299293e-07,4.4224359888268694e-07,1.0499271129366854e-06,1.1431230423205762e-05,6.591976825248098e-09,2.2480794734407725e-07,4.748968599938921e-06,3.1899252323013296e-06,2.5814248612477197e-06,9.647109578852872e-07,3.690394187094747e-07,7.293546809043555e-07,4.290397009481316e-07,1.12217103466242e-06,5.281640563052647e-07,9.537490883830898e-06,5.726747490518505e-07,1.3392749572015387e-07,4.007181192132349e-07,1.8476130002832455e-06,1.5373126778891164e-07,2.036534905667401e-06,3.705110602518212e-07,5.640490593699765e-06,1.0166862156566936e-05,7.347610630328629e-06,8.508208665253833e-06,1.4037860550146564e-06,2.2700199121900578e-06,1.9043226288163172e-07,1.882874082880654e-05,3.7001595733493385e-07,2.754326027877556e-07,2.863470323125781e-06,1.0269624468186731e-05,3.390570208685123e-06,8.463256003121032e-07,4.32462664609944e-07,4.835171356973892e-07,7.057809769615684e-08,7.639828576175412e-07,4.4373649222750845e-07,5.078497250734346e-07,2.421367295708339e-06,9.070888446873274e-08,1.3182209836346097e-06,2.290137857342894e-06,1.3544278562919398e-07,1.3977940816620878e-06,7.259023808738576e-08,1.5562106739766007e-07,1.4995689295017822e-07,4.730976249957066e-08,8.369058754877532e-08,6.210643493633547e-07,1.4836943789705265e-07,2.3222035609554803e-07,1.2832508714008857e-06,1.8527418871628483e-06,4.335786831164707e-07,4.920113480461638e-06,4.818015130648083e-06,3.246487539404996e-07,6.851440070251514e-05,1.6454323911735594e-05,3.8683841439962046e-07,4.582362140868108e-07,2.538782152336111e-06,3.316614251322822e-06,3.554387257215923e-06,8.064326128280797e-07,5.082324970180435e-06,2.1312753883565284e-06,7.582375467553968e-08,4.9253232840186895e-08,5.600795524823444e-07,9.257298019999158e-07,1.4070104553508935e-06,4.7366506444048225e-06,2.5631845605144e-06,3.925190538951146e-07,4.529949594566348e-07,5.079033153903661e-06,1.9228144277891107e-06,3.003434984384936e-06
11,1.990579514253793e-06,1.0867391734768056e-07,9.19930755541114e-07,2.1175139874735307e-07,6.179631276513248e-07,2.960425483494735e-07,7.472083237634515e-08,4.713706081071673e-09,1.4754282786922762e-06,3.098323518599512e-07,4.704994138907807e-06,2.030702564176984e-06,3.466726220919922e-06,2.4125853936874904e-07,1.1166844955583176e-07,6.106379439015902e-09,1.754905365299293e-07,4.4224359888268694e-07,1.0499271129366854e-06,6.53961403484161e-06,6.591976825248098e-09,2.2480794734407725e-07,7.173900081674408e-07,3.1899252323013296e-06,2.5814248612477197e-06,2.2820857654448874e-07,1.542343326742131e-07,7.293546809043555e-07,4.290397009481316e-07,1.12217103466242e-06,5.281640563052647e-07,5.4833639809505184e-06,5.726747490518505e-07,1.3392749572015387e-07,4.007181192132349e-07,5.216355291134029e-07,1.5373126778891164e-07,2.036534905667401e-06,3.705110602518212e-07,5.640490593699765e-06,1.828823028847859e-06,1.0092528986508248e-07,8.508208665253833e-06,1.4037860550146564e-06,1.2065220203889703e-06,1.9043226288163172e-07,9.151661581152111e-08,3.7001595733493385e-07,2.754326027877556e-07,2.863470323125781e-06,9.225102110512785e-06,3.390570208685123e-06,3.1734359053367815e-07,4.32462664609944e-07,1.332794757654148e-07,7.057809769615684e-08,7.639828576175412e-07,4.4373649222750845e-07,3.1606550741529354e-07,9.796015044959662e-07,9.070888446873274e-08,3.098721828377601e-07,2.290137857342894e-06,1.3544278562919398e-07,7.315026682905516e-07,3.461843389757905e-08,1.5562106739766007e-07,2.804460600530556e-09,4.730976249957066e-08,8.369058754877532e-08,2.9047753729416364e-07,1.4836943789705265e-07,4.152047301253826e-08,1.2832508714008857e-06,1.3578469517365388e-07,4.335786831164707e-07,3.4774483943862955e-07,6.464876662192448e-07,3.246487539404996e-07,1.6644387371017802e-05,1.6454323911735594e-05,3.8683841439962046e-07,3.337013807921222e-07,2.3197692359032206e-06,5.772261787644627e-07,1.838581298245219e-06,9.399817385879516e-08,5.082324970180435e-06,1.89625537703622e-06,7.582375467553968e-08,4.9253232840186895e-08,5.600795524823444e-07,2.6087634652155733e-07,1.205904709432683e-07,3.145274737295474e-07,2.5631845605144e-06,3.925190538951146e-07,6.150073530460489e-08,5.079033153903661e-06,1.344779982217669e-06,1.4689826972368061e-06
12,1.2258144419847975e-06,1.0867391734768056e-07,7.931119561327893e-07,2.1175139874735307e-07,4.822636086489769e-07,1.937436610177423e-07,7.472083237634515e-08,4.713706081071673e-09,5.671060940748966e-07,3.098323518599512e-07,2.453291053798909e-06,7.516635977317621e-07,3.466726220919922e-06,2.4125853936874904e-07,1.1166844955583176e-07,6.106379439015902e-09,1.754905365299293e-07,4.4224359888268694e-07,2.1831116493820592e-07,3.340602037817457e-06,6.591976825248098e-09,2.2480794734407725e-07,7.173900081674408e-07,3.1899252323013296e-06,2.1651186013418844e-06,2.2820857654448874e-07,1.542343326742131e-07,2.2205680141689668e-07,1.9868809075190177e-07,5.21311990481604e-07,2.4441863282274595e-07,5.4833639809505184e-06,5.726747490518505e-07,1.3392749572015387e-07,2.4029813683393174e-08,5.216355291134029e-07,1.5373126778891164e-07,1.6743281390598148e-06,1.0458340199934004e-07,1.333950835288312e-06,1.828823028847859e-06,1.0092528986508248e-07,8.508208665253833e-06,1.4037860550146564e-06,2.7184815658151996e-07,2.262911152600176e-08,9.151661581152111e-08,3.7001595733493385e-07,2.754326027877556e-07,2.2601523406854151e-07,9.509732343093543e-07,1.1886611879195421e-07,3.1734359053367815e-07,4.32462664609944e-07,1.0049397211551997e-07,7.057809769615684e-08,2.207341350998822e-08,4.4373649222750845e-07,3.1606550741529354e-07,8.961840026017066e-07,9.070888446873274e-08,4.6418666159875854e-08,2.290137857342894e-06,1.3544278562919398e-07,7.315026682905516e-07,8.330039805208434e-09,1.5562106739766007e-07,2.804460600530556e-09,4.730976249957066e-08,8.369058754877532e-08,6.701588287968569e-08,1.4836943789705265e-07,4.152047301253826e-08,1.2832508714008857e-06,1.3578469517365388e-07,4.335786831164707e-07,3.4774483943862955e-07,6.464876662192448e-07,3.246487539404996e-07,1.6644387371017802e-05,2.579787987122734e-06,3.8683841439962046e-07,3.337013807921222e-07,2.3197692359032206e-06,5.772261787644627e-07,1.838581298245219e-06,9.399817385879516e-08,4.473960983518999e-06,1.0892982675023516e-06,7.582375467553968e-08,4.9253232840186895e-08,5.600795524823444e-07,2.6087634652155733e-07,1.205904709432683e-07,4.0716943500772024e-08,1.5342562871611927e-06,1.000741130398023e-07,6.150073530460489e-08,1.6919375872225345e-07,9.424949450036677e-08,9.024658082512326e-07
13,6.637501791285167e-07,7.572452870697369e-08,2.5026563970644733e-07,2.1175139874735307e-07,4.819978510169817e-08,1.425862570003399e-07,7.472083237634515e-08,4.713706081071673e-09,2.4473033446292494e-07,1.1898189355498583e-07,2.453291053798909e-06,9.58660364831671e-09,7.280886371540238e-07,8.792708767861708e-08,1.1166844955583176e-07,6.106379439015902e-09,1.4581801703564325e-07,4.390766667604379e-08,2.1831116493820592e-07,3.3335208368241196e-06,6.591976825248098e-09,1.5964053883377867e-07,1.963350052784881e-07,2.3264688443289422e-07,1.6229190276698231e-06,1.7209975398154569e-07,1.542343326742131e-07,6.990897364545177e-08,7.170670113993434e-08,5.21311990481604e-07,5.338267504107702e-09,1.2384388068388184e-06,5.726747490518505e-07,1.3392749572015387e-07,2.4029813683393174e-08,5.216355291134029e-07,4.437211844945039e-08,2.2448242596378018e-07,1.0458340199934004e-07,5.426051131593514e-07,5.391675478247729e-07,1.0092528986508248e-07,1.3203283588238404e-07,1.3360219941618391e-06,2.7184815658151996e-07,2.262911152600176e-08,9.151661581152111e-08,2.9618518581782297e-08,2.754326027877556e-07,2.2601523406854151e-07,9.509732343093543e-07,1.1886611879195421e-07,3.1734359053367815e-07,4.32462664609944e-07,1.0049397211551997e-07,9.297285795195171e-09,2.207341350998822e-08,3.993260624781976e-07,1.0554888090466699e-07,8.961840026017066e-07,9.070888446873274e-08,4.6418666159875854e-08,1.329277916120827e-06,1.3544278562919398e-07,7.315026682905516e-07,8.330039805208434e-09,1.5562106739766007e-07,2.804460600530556e-09,4.730976249957066e-08,2.1861204894864393e-08,6.701588287968569e-08,8.919702336423954e-08,4.152047301253826e-08,1.2832508714008857e-06,5.291653584791315e-08,4.335786831164707e-07,3.4774483943862955e-07,6.464876662192448e-07,3.246487539404996e-07,3.490054919090466e-06,1.9156316671866036e-06,9.782027243179518e-08,2.1200029628390536e-07,5.513190666462482e-07,5.772261787644627e-07,1.838581298245219e-06,9.399817385879516e-08,2.5026945522620095e-07,2.6430166205155026e-07,7.582375467553968e-08,4.9253232840186895e-08,5.600795524823444e-07,1.7929730223769545e-07,9.531991970756558e-08,4.0716943500772024e-08,1.5342562871611927e-06,6.357407967895223e-09,6.150073530460489e-08,1.6919375872225345e-07,9.424949450036677e-08,3.99838000547762e-07
14,1.0117223274237293e-07,1.0445877129773385e-08,2.5026563970644733e-07,2.0602605319319054e-07,1.8579230907505112e-08,1.425862570003399e-07,7.472083237634515e-08,4.713706081071673e-09,2.4473033446292494e-07,6.126516664946301e-08,4.6725533778255303e-07,9.58660364831671e-09,7.280886371540238e-07,8.792708767861708e-08,1.1166844955583176e-07,6.106379439015902e-09,1.4581801703564325e-07,4.390766667604379e-08,2.7141365837730992e-08,2.6015266487506123e-06,6.591976825248098e-09,9.50169369205769e-09,5.192833128182232e-08,1.5527889649820132e-08,1.4823307117857915e-06,6.712880245292987e-09,1.3749663018153684e-08,6.990897364545177e-08,7.170670113993434e-08,5.21311990481604e-07,5.338267504107702e-09,1.2142767971153407e-06,5.726747490518505e-07,1.3392749572015387e-07,1.3848040159177104e-08,2.6062062017812943e-07,1.2949013649466585e-08,2.2448242596378018e-07,1.5407967559647613e-08,5.426051131593514e-07,5.391675478247729e-07,1.0092528986508248e-07,1.3203283588238404e-07,1.3360219941618391e-06,2.7184815658151996e-07,2.262911152600176e-08,9.151661581152111e-08,2.9618518581782297e-08,2.3059813570155136e-07,2.2601523406854151e-07,9.509732343093543e-07,1.1886611879195421e-07,4.63586893617842e-08,4.32462664609944e-07,4.43269035137848e-08,9.297285795195171e-09,1.938124596679667e-08,1.839744848918108e-07,5.021522116162079e-08,7.592940419721973e-07,5.065046733548043e-08,4.6418666159875854e-08,7.946682447340697e-07,1.3544278562919398e-07,9.186458370754994e-09,5.451674877767368e-09,1.5562106739766007e-07,2.804460600530556e-09,4.730976249957066e-08,2.1861204894864393e-08,6.701588287968569e-08,8.919702336423954e-08,3.004985106116219e-08,1.2832508714008857e-06,5.291653584791315e-08,4.335786831164707e-07,3.1910783051549067e-07,1.5877168436514183e-07,2.2039512154277868e-07,3.490054919090466e-06,1.3916758194928468e-06,9.782027243179518e-08,6.724899240651037e-08,6.922187452085912e-08,1.2814546854543934e-08,7.821748181810904e-07,9.399817385879516e-08,2.5026945522620095e-07,1.7301441866670863e-07,4.6899610975783636e-09,4.9253232840186895e-08,5.600795524823444e-07,5.568871796118196e-08,2.2424106562708534e-08,4.0716943500772024e-08,8.588329551577054e-07,6.357407967895223e-09,1.2603052575507943e-10,1.6919375872225345e-07,9.424949450036677e-08,2.8398059884655557e-07
15,9.63113504485432e-08,6.34310286938407e-09,1.0401797125417378e-07,9.085271913295533e-08,1.3826300297327471e-08,5.8492145558600886e-08,6.1104474414903e-08,1.58141981653906e-09,1.6006816635109356e-07,6.126516664946301e-08,4.6725533778255303e-07,9.58660364831671e-09,2.451052395774973e-08,4.6084742071969136e-08,1.1166844955583176e-07,6.106379439015902e-09,2.885949310954531e-08,4.390766667604379e-08,5.396061284409228e-09,5.960748764084128e-08,6.591976825248098e-09,9.50169369205769e-09,5.192833128182232e-08,1.5527889649820132e-08,1.4823307117857915e-06,6.712880245292987e-09,1.3749663018153684e-08,6.990897364545177e-08,1.3379996089067384e-08,3.541635107333602e-07,8.695468477978837e-10,3.91700489295734e-07,5.726747490518505e-07,1.5322591903338447e-09,1.3848040159177104e-08,2.6062062017812943e-07,1.2949013649466585e-08,8.41752965750874e-08,1.3725613652880518e-08,1.1688602344583088e-07,1.8906175046792127e-07,1.0092528986508248e-07,1.3203283588238404e-07,8.705731278571759e-07,2.7184815658151996e-07,2.262911152600176e-08,6.05065122713363e-08,2.6540213932108612e-08,2.3059813570155136e-07,9.356895721939445e-08,3.4824370399767324e-07,1.1886611879195421e-07,3.0854760158923865e-08,2.2795563036598342e-07,4.43269035137848e-08,9.297285795195171e-09,1.938124596679667e-08,7.330485805423144e-08,5.021522116162079e-08,9.968503383043746e-09,5.065046733548043e-08,4.6418666159875854e-08,7.946682447340697e-07,1.3544278562919398e-07,9.186458370754994e-09,2.2193933139445243e-09,1.5562106739766007e-07,2.804460600530556e-09,4.730976249957066e-08,2.1861204894864393e-08,1.2185236550605595e-08,8.919702336423954e-08,1.9598664948748546e-09,1.2832508714008857e-06,5.291653584791315e-08,4.335786831164707e-07,2.737467018391268e-07,1.5877168436514183e-07,2.2039512154277868e-07,1.9838469033279456e-07,1.3916758194928468e-06,2.112698456068869e-08,1.523715933244597e-08,6.922187452085912e-08,1.2814546854543934e-08,2.8726475715176464e-08,3.1972330143377005e-08,2.5026945522620095e-07,5.532617417991398e-09,4.6899610975783636e-09,1.200245256328354e-09,1.56824139973403e-07,5.097435475768104e-09,2.2424106562708534e-08,1.989249348268933e-09,5.475171971646752e-07,6.357407967895223e-09,1.2603052575507943e-10,1.6919375872225345e-07,9.424949450036677e-08,1.470713637911521e-07
16,1.811616718793196e-08,7.661244888913894e-10,2.4668737423876032e-08,1.2952252311145741e-08,1.0448908132600062e-08,3.86746064184608e-08,8.002940280992689e-10,2.873479581779138e-11,3.39605388874934e-08,6.126516664946301e-08,3.073378118446581e-07,9.58660364831671e-09,2.451052395774973e-08,4.6084742071969136e-08,1.1166844955583176e-07,6.106379439015902e-09,2.885949310954531e-08,4.390766667604379e-08,5.396061284409228e-09,5.960748764084128e-08,6.591976825248098e-09,9.13784635034177e-10,5.192833128182232e-08,1.5527889649820132e-08,2.9294428631195064e-08,6.712880245292987e-09,1.3749663018153684e-08,3.846821404959099e-08,9.728455384721351e-09,1.9403775665393034e-07,8.695468477978837e-10,3.91700489295734e-07,9.701035659513954e-09,1.2072856796512611e-09,1.3848040159177104e-08,2.6062062017812943e-07,1.2949013649466585e-08,8.41752965750874e-08,1.3725613652880518e-08,1.1688602344583088e-07,1.8906175046792127e-07,3.4029762782081685e-08,2.546092194020557e-08,8.705731278571759e-07,1.4591588390474074e-07,2.0140410110760366e-08,6.05065122713363e-08,2.6540213932108612e-08,5.583098286415697e-09,3.871338861864906e-08,1.5572815150191633e-07,5.8672873182562025e-08,3.0854760158923865e-08,1.2766734623751416e-07,3.865702091399301e-09,2.705344126722562e-09,1.938124596679667e-08,4.0933423580988706e-09,3.8464661847467053e-08,9.968503383043746e-09,5.065046733548043e-08,2.779795098092045e-08,1.6480400783837198e-07,1.3544278562919398e-07,5.268602319197947e-10,2.2193933139445243e-09,1.0309101972842925e-07,6.051987100860417e-10,4.730976249957066e-08,1.5886861979266917e-08,1.2185236550605595e-08,3.750579883837003e-08,1.9598664948748546e-09,3.623989887190267e-07,1.5084107925252078e-08,4.335786831164707e-07,2.086456513038063e-08,3.349365022323572e-08,1.533512077726529e-08,1.9838469033279456e-07,1.3916758194928468e-06,1.9672401838244594e-08,1.523715933244597e-08,2.1826887262850475e-08,1.2814546854543934e-08,2.8726475715176464e-08,1.3927739617215619e-08,9.139496223122856e-08,4.411567806294563e-09,4.408488286514985e-09,1.200245256328354e-09,1.56824139973403e-07,4.0910886000167725e-10,1.649702583851098e-08,1.989249348268933e-09,1.7144092531872862e-07,6.357407967895223e-09,1.2603052575507943e-10,1.666674248874066e-07,6.318091153615605e-08,7.853223630401356e-08
17,1.811616718793196e-08,7.661244888913894e-10,2.4668737423876032e-08,1.2952252311145741e-08,1.0448908132600062e-08,3.86746064184608e-08,8.002940280992689e-10,2.873479581779138e-11,3.39605388874934e-08,2.928173928117841e-08,6.386272556115322e-08,9.58660364831671e-09,2.451052395774973e-08,1.6415497843686123e-08,1.1166844955583176e-07,5.441146275237358e-09,7.476109570055832e-09,3.958193550496868e-08,5.396061284409228e-09,5.960748764084128e-08,1.758839836958254e-10,9.13784635034177e-10,6.543639656225115e-10,1.5527889649820132e-08,2.9294428631195064e-08,6.712880245292987e-09,1.3749663018153684e-08,3.846821404959099e-08,3.7757925029148596e-10,2.935055928143252e-08,8.695468477978837e-10,1.734951019768789e-07,9.701035659513954e-09,1.2072856796512611e-09,1.3848040159177104e-08,4.149582059128825e-09,1.2949013649466585e-08,3.070341285162961e-08,1.3725613652880518e-08,1.1688602344583088e-07,1.7945447714375644e-07,1.179266735767211e-08,2.546092194020557e-08,5.196741761520977e-07,1.7536297277794323e-08,3.737369825788037e-09,6.05065122713363e-08,2.6540213932108612e-08,5.583098286415697e-09,3.507314230584953e-08,1.0824801048676491e-07,4.906629738572164e-08,3.0854760158923865e-08,3.5153194520432137e-08,3.865702091399301e-09,2.435088091088698e-09,5.520234035984792e-09,4.0933423580988706e-09,1.6801852166719036e-08,9.968503383043746e-09,5.065046733548043e-08,3.836309446144614e-09,1.4688602423567228e-08,9.816257262079382e-08,5.268602319197947e-10,4.754126795875452e-10,1.0309101972842925e-07,6.051987100860417e-10,4.730976249957066e-08,1.4299629968821965e-08,2.650823439083128e-09,3.750579883837003e-08,1.9598664948748546e-09,2.1532480425314226e-08,1.5084107925252078e-08,2.4929593772657366e-07,2.086456513038063e-08,5.154896363793539e-09,1.533512077726529e-08,1.9838469033279456e-07,3.1005805157122594e-08,1.34933211530903e-08,4.963141530065122e-09,1.1999144906508185e-09,1.2814546854543934e-08,2.8726475715176464e-08,1.3927739617215619e-08,1.0836185178085615e-08,4.411567806294563e-09,4.408488286514985e-09,1.200245256328354e-09,1.56824139973403e-07,4.0910886000167725e-10,5.425721193369051e-10,1.989249348268933e-09,2.218724685855906e-08,6.357407967895223e-09,1.2603052575507943e-10,1.9109574027071703e-08,6.318091153615605e-08,3.476498203020669e-08
18,1.811616718793196e-08,7.661244888913894e-10,1.2075328323541945e-08,2.000507878079281e-09,9.542660856513355e-10,2.1659592797131496e-08,8.002940280992689e-10,2.873479581779138e-11,9.616606789672418e-09,2.060748910197793e-08,3.8719498282584965e-08,9.58660364831671e-09,2.804968749097838e-09,9.638160080799573e-09,4.057708626608606e-08,5.441146275237358e-09,7.476109570055832e-09,3.958193550496868e-08,5.396061284409228e-09,5.960748764084128e-08,1.758839836958254e-10,9.13784635034177e-10,6.543639656225115e-10,1.5527889649820132e-08,2.9294428631195064e-08,3.118194588976719e-09,2.7269283167887246e-09,3.846821404959099e-08,3.7757925029148596e-10,2.895062974365078e-08,8.695468477978837e-10,3.695941044142442e-09,9.701035659513954e-09,1.2072856796512611e-09,1.3848040159177104e-08,4.149582059128825e-09,1.2949013649466585e-08,3.070341285162961e-08,2.840976964758913e-09,1.1688602344583088e-07,1.6076684737234878e-07,1.179266735767211e-08,1.7645739816753125e-08,5.196741761520977e-07,1.7536297277794323e-08,3.737369825788037e-09,6.05065122713363e-08,2.6540213932108612e-08,5.583098286415697e-09,2.042418438421246e-08,6.039880724294774e-08,4.906629738572164e-08,3.0854760158923865e-08,1.0770570861486848e-08,3.865702091399301e-09,2.446067806276536e-10,2.0154870025035208e-09,2.266433380224189e-09,1.6801852166719036e-08,9.968503383043746e-09,5.065046733548043e-08,3.836309446144614e-09,1.239807486062245e-08,9.816257262079382e-08,5.268602319197947e-10,4.754126795875452e-10,1.0691644506355118e-08,6.051987100860417e-10,4.730976249957066e-08,1.017959364170194e-08,3.5034522296809463e-10,4.6143314461577806e-09,1.9598664948748546e-09,2.1532480425314226e-08,1.5084107925252078e-08,3.506315071289838e-08,2.086456513038063e-08,5.154896363793539e-09,1.533512077726529e-08,3.6212977551245936e-08,3.1005805157122594e-08,1.392911463771802e-09,4.9482352234927644e-09,1.1999144906508185e-09,2.374482726970172e-10,2.8726475715176464e-08,1.3927739617215619e-08,1.0836185178085615e-08,4.411567806294563e-09,1.8940773043991584e-09,1.200245256328354e-09,1.56824139973403e-07,4.0910886000167725e-10,5.425721193369051e-10,1.989249348268933e-09,2.218724685855906e-08,5.115800078084813e-09,1.2603052575507943e-10,1.9109574027071703e-08,1.548282385419707e-08,2.3655479407974064e-08
19,7.407244314639515e-09,7.661244888913894e-10,3.3023957317327286e-09,2.000507878079281e-09,9.542660856513355e-10,1.5287372596053213e-08,8.002940280992689e-10,2.873479581779138e-11,6.902528810677286e-09,1.5140933700997305e-08,3.8719498282584965e-08,9.58660364831671e-09,7.813486127316811e-10,2.5036249238375123e-10,6.7339840471236324e-09,3.0212948612941987e-09,7.476109570055832e-09,4.2146423002712784e-10,2.002395388345144e-10,5.960748764084128e-08,1.758839836958254e-10,9.13784635034177e-10,6.543639656225115e-10,1.681309391298088e-09,2.9294428631195064e-08,3.118194588976719e-09,2.7269283167887246e-09,3.846821404959099e-08,6.172186621048376e-11,1.8381528009202517e-08,8.695468477978837e-10,3.695941044142442e-09,9.701035659513954e-09,7.179171200846025e-10,1.3848040159177104e-08,3.3290786404366595e-09,1.2949013649466585e-08,2.3325090251776786e-08,2.840976964758913e-09,6.076188861210317e-09,1.5598152679734925e-07,7.985845907162655e-10,1.7645739816753125e-08,3.5025389116762624e-08,1.7536297277794323e-08,3.737369825788037e-09,7.249635318507296e-09,2.6540213932108612e-08,5.583098286415697e-09,2.042418438421246e-08,5.568440462338411e-08,1.2672838109101357e-09,2.0255451375365926e-09,6.836933338417652e-09,1.3105840630167986e-09,2.446067806276536e-10,2.0154870025035208e-09,2.266433380224189e-09,1.1333429682868382e-08,7.175255795101228e-09,5.065046733548043e-08,3.836309446144614e-09,4.52218812097645e-09,9.816257262079382e-08,5.268602319197947e-10,5.418650312904147e-11,9.24526184066249e-09,4.034161804810829e-10,4.730976249957066e-08,1.017959364170194e-08,3.5034522296809463e-10,4.6143314461577806e-09,1.3215186265243228e-09,2.1532480425314226e-08,1.5084107925252078e-08,3.506315071289838e-08,2.086456513038063e-08,5.154896363793539e-09,5.4477739250413645e-09,3.6212977551245936e-08,3.1005805157122594e-08,1.3308091282967669e-10,2.1570541113534975e-09,1.1999144906508185e-09,2.374482726970172e-10,2.8726475715176464e-08,7.520412053465739e-10,8.630981204137086e-09,4.411567806294563e-09,1.8940773043991584e-09,1.200245256328354e-09,2.3046130236337867e-08,4.0910886000167725e-10,5.425721193369051e-10,1.989249348268933e-09,2.218724685855906e-08,5.115800078084813e-09,1.2603052575507943e-10,1.109565492911388e-08,9.166726931871219e-09,1.2574639620259132e-08
20,7.407244314639515e-09,7.661244888913894e-10,3.3023957317327286e-09,2.000507878079281e-09,9.542660856513355e-10,1.4270147506091245e-09,8.002940280992689e-10,2.873479581779138e-11,5.543919963621325e-10,9.130042040996249e-09,3.8719498282584965e-08,9.58660364831671e-09,5.906142774046766e-10,2.5036249238375123e-10,6.7339840471236324e-09,2.0890339138622215e-10,1.463035294686442e-09,4.2146423002712784e-10,2.002395388345144e-10,5.960748764084128e-08,8.13026060602693e-11,3.0323464065671077e-10,6.543639656225115e-10,1.2654844309070788e-09,9.508206044021925e-09,3.118194588976719e-09,2.7269283167887246e-09,1.5083631173692594e-09,6.172186621048376e-11,1.8381528009202517e-08,8.695468477978837e-10,3.695941044142442e-09,9.701035659513954e-09,7.179171200846025e-10,1.3848040159177104e-08,1.2252442032753638e-09,1.1118366423084794e-08,1.4024397289560602e-09,2.840976964758913e-09,6.076188861210317e-09,9.49246556975096e-09,6.047486516783393e-10,1.7645739816753125e-08,3.5025389116762624e-08,1.0677224354391726e-09,3.0443488808734578e-09,7.249635318507296e-09,2.6540213932108612e-08,5.583098286415697e-09,1.227127933025613e-09,8.014273482809075e-09,8.460591305778256e-11,2.0255451375365926e-09,3.740795611751731e-09,6.165492643058539e-10,1.9917902134843603e-10,1.216615027094077e-09,1.467434227410205e-09,1.1428488242695942e-09,4.915281730264782e-09,5.065046733548043e-08,3.836309446144614e-09,4.52218812097645e-09,8.790058885446303e-08,5.268602319197947e-10,5.418650312904147e-11,9.24526184066249e-09,8.88059965820956e-12,4.730976249957066e-08,1.5867214057708137e-09,3.5034522296809463e-10,4.6143314461577806e-09,8.328067587118761e-10,2.1532480425314226e-08,1.2599248777955975e-09,1.7919768129276545e-09,2.086456513038063e-08,5.154896363793539e-09,3.826446300555302e-09,1.7843949935131723e-09,3.1005805157122594e-08,1.3308091282967669e-10,1.0189871164730173e-09,1.1999144906508185e-09,2.374482726970172e-10,2.8726475715176464e-08,7.520412053465739e-10,8.630981204137086e-09,3.2198050638598454e-09,5.605043473557753e-10,6.178308242562835e-10,2.3046130236337867e-08,2.793106522472116e-10,2.9197251997463e-10,1.989249348268933e-09,2.218724685855906e-08,1.3608375977497154e-09,1.2603052575507943e-10,4.802795702689519e-09,9.166726931871219e-09,7.711684215867002e-09
21,7.407244314639515e-09,9.194227986654742e-12,6.714016478939665e-10,1.8133276351282795e-09,9.542660856513355e-10,1.4270147506091245e-09,1.6983672916821374e-10,1.7219788974414616e-11,5.543919963621325e-10,3.4726713398455393e-09,1.5150294255727417e-08,5.8322379138919966e-09,4.4371388180848537e-10,2.5036249238375123e-10,6.7339840471236324e-09,2.0890339138622215e-10,1.463035294686442e-09,4.2146423002712784e-10,2.002395388345144e-10,5.1712779247320836e-08,6.749445877610891e-11,1.882083160416504e-10,6.543639656225115e-10,2.0318723348009475e-10,9.508206044021925e-09,3.118194588976719e-09,2.3279910199716173e-09,1.007575293131323e-09,6.172186621048376e-11,1.8381528009202517e-08,8.695468477978837e-10,3.695941044142442e-09,9.701035659513954e-09,5.802701551512182e-10,8.668073385250892e-09,1.2252442032753638e-09,1.9831163467312516e-09,1.4024397289560602e-09,2.840976964758913e-09,6.076188861210317e-09,9.49246556975096e-09,6.047486516783393e-10,8.66309433684521e-09,4.303659926868788e-09,1.0677224354391726e-09,1.7787059267570914e-09,7.249635318507296e-09,9.823754073052353e-09,4.994464385471343e-09,1.227127933025613e-09,8.014273482809075e-09,8.460591305778256e-11,2.0255451375365926e-09,2.75705458724765e-09,3.986020152076118e-10,1.1933406943000276e-10,1.1382512288098788e-09,1.467434227410205e-09,1.1428488242695942e-09,4.915281730264782e-09,2.2624643047626242e-08,3.836309446144614e-09,4.52218812097645e-09,1.650069054217438e-08,5.268602319197947e-10,3.299583757387498e-11,4.46447380205707e-09,8.88059965820956e-12,8.079135738923623e-09,3.5307418895991525e-10,3.5034522296809463e-10,4.6143314461577806e-09,3.460033783385846e-10,1.6512320199510327e-10,1.2599248777955975e-09,1.7919768129276545e-09,4.0822217156055844e-10,5.154896363793539e-09,3.826446300555302e-09,1.7843949935131723e-09,3.1005805157122594e-08,1.3308091282967669e-10,1.0189871164730173e-09,4.015990117820633e-10,2.374482726970172e-10,2.8726475715176464e-08,7.520412053465739e-10,1.8621668162821024e-09,4.6076478275969534e-11,1.8419169949013457e-10,6.178308242562835e-10,2.3046130236337867e-08,2.793106522472116e-10,2.9197251997463e-10,7.564288852848986e-11,8.634665186155935e-09,2.0614514160688777e-11,1.2603052575507943e-10,4.802795702689519e-09,1.4359604912245594e-09,4.270932388275376e-09
22,2.849520857797945e-09,9.194227986654742e-12,6.714016478939665e-10,1.8133276351282795e-09,7.155468793878173e-10,1.4270147506091245e-09,1.6983672916821374e-10,1.7219788974414616e-11,5.434250682658496e-10,6.729747090514394e-10,5.464389544804683e-09,2.7477111090559295e-10,1.0862234022462775e-10,2.5036249238375123e-10,6.7339840471236324e-09,5.05884766595141e-11,4.732399900033609e-10,3.329820023239968e-10,2.002395388345144e-10,4.0212810692334804e-08,6.749445877610891e-11,1.882083160416504e-10,6.543639656225115e-10,2.0318723348009475e-10,9.508206044021925e-09,9.270445991644601e-10,2.3279910199716173e-09,1.007575293131323e-09,6.172186621048376e-11,2.1426232836785096e-10,8.695468477978837e-10,3.695941044142442e-09,7.1223782555440406e-09,1.9014313341030552e-10,5.68174587482977e-10,1.2252442032753638e-09,1.9831163467312516e-09,1.4024397289560602e-09,7.844149391539886e-10,1.671856054437054e-09,3.195657029150466e-09,6.047486516783393e-10,8.66309433684521e-09,4.303659926868788e-09,1.0677224354391726e-09,3.49111809140753e-10,1.052283005419281e-09,9.823754073052353e-09,4.994464385471343e-09,1.227127933025613e-09,8.014273482809075e-09,6.178767225662473e-11,2.0255451375365926e-09,2.75705458724765e-09,2.67682178144522e-10,6.272441667300479e-11,1.1382512288098788e-09,1.467434227410205e-09,1.1428488242695942e-09,1.8778955657795845e-09,2.0428345359740107e-08,3.836309446144614e-09,2.6830374121360973e-09,2.478154270892755e-09,1.8385818661567846e-10,2.991203689185203e-11,3.2470308791651555e-09,8.88059965820956e-12,8.079135738923623e-09,3.5307418895991525e-10,2.021395879151198e-10,4.6143314461577806e-09,3.460033783385846e-10,1.6512320199510327e-10,5.182535726054922e-11,1.7919768129276545e-09,3.052382999143241e-10,5.154896363793539e-09,3.6385800419578842e-09,1.7843949935131723e-09,1.8666779941950146e-08,1.3308091282967669e-10,7.151836296088034e-10,2.5285412294712635e-10,2.374482726970172e-10,1.2105111755344645e-08,4.5335890605017616e-10,1.8621668162821024e-09,4.6076478275969534e-11,6.259723179277532e-11,3.492487097857113e-11,2.3046130236337867e-08,2.793106522472116e-10,6.706384499366081e-11,7.564288852848986e-11,1.9354715892584446e-09,2.0614514160688777e-11,1.2603052575507943e-10,2.5968227814695684e-09,1.4359604912245594e-09,2.75296761768244e-09
23,2.849520857797945e-09,9.194227986654742e-12,6.714016478939665e-10,1.8133276351282795e-09,7.155468793878173e-10,3.116108229421533e-10,1.6983672916821374e-10,3.366374913801818e-12,3.2443213798649283e-10,6.729747090514394e-10,2.641648265550291e-09,2.7477111090559295e-10,1.0862234022462775e-10,2.5036249238375123e-10,2.8524508018294822e-09,5.05884766595141e-11,2.715988474631704e-12,3.329820023239968e-10,2.002395388345144e-10,2.390313207339796e-08,4.745251958364737e-13,1.0192653245887534e-10,8.588409225397107e-11,2.0318723348009475e-10,1.9752764162062676e-09,4.854753535589877e-10,3.1620420037003547e-10,2.354951047229134e-10,6.172186621048376e-11,2.1426232836785096e-10,2.6025238755789803e-10,3.695941044142442e-09,7.1223782555440406e-09,1.9014313341030552e-10,5.68174587482977e-10,2.7033657618118105e-10,1.9831163467312516e-09,1.4024397289560602e-09,7.844149391539886e-10,1.671856054437054e-09,2.3054952209576917e-09,6.047486516783393e-10,8.66309433684521e-09,4.303659926868788e-09,1.0677224354391726e-09,3.49111809140753e-10,1.052283005419281e-09,9.198644486050303e-09,3.259573455579531e-09,1.227127933025613e-09,4.475096695950428e-09,9.259427444435779e-12,2.0255451375365926e-09,1.2909014972004848e-09,2.67682178144522e-10,6.272441667300479e-11,1.1382512288098788e-09,1.347842846313778e-10,1.2065117499864777e-10,2.798902031979733e-10,1.3890958042881965e-09,3.836309446144614e-09,4.261342387248193e-10,2.478154270892755e-09,1.8385818661567846e-10,5.143975784851778e-12,3.2470308791651555e-09,8.88059965820956e-12,8.079135738923623e-09,3.5307418895991525e-10,1.4541800380450807e-10,6.877796542133497e-10,2.9214678410624977e-10,1.6512320199510327e-10,5.182535726054922e-11,1.7919768129276545e-09,3.052382999143241e-10,1.3325079290934923e-11,1.4172493354165114e-09,1.7843949935131723e-09,1.3250867837941764e-08,1.3308091282967669e-10,9.826728993678478e-13,2.5285412294712635e-10,2.374482726970172e-10,5.6412805101260745e-09,2.680642921475737e-10,6.01064109524933e-10,4.6076478275969534e-11,2.6156765058492565e-11,3.492487097857113e-11,2.3046130236337867e-08,3.6068820901117565e-11,6.706384499366081e-11,7.564288852848986e-11,3.553808486113894e-10,2.0614514160688777e-11,4.3460354324127985e-11,2.322221148798122e-09,1.4359604912245594e-09,1.7618057216976233e-09
24,1.2019296871122993e-09,9.194227986654742e-12,8.699384131977566e-11,1.782831996300025e-09,7.155468793878173e-10,3.116108229421533e-10,1.6983672916821374e-10,2.3128584181272804e-12,3.2443213798649283e-10,4.292314877127492e-10,7.16899275444125e-10,2.7477111090559295e-10,1.0862234022462775e-10,6.528302346347271e-11,2.7511075144587384e-10,5.05884766595141e-11,2.715988474631704e-12,3.329820023239968e-10,2.002395388345144e-10,2.390313207339796e-08,4.745251958364737e-13,1.0192653245887534e-10,8.397828665675329e-11,3.813518040022756e-11,1.9070078998572946e-09,1.0107757368785888e-10,3.1620420037003547e-10,2.354951047229134e-10,1.5255692884060594e-11,1.3499742097804805e-10,1.8909606336323104e-10,3.509833464760287e-09,3.5296812574859123e-09,1.9014313341030552e-10,5.68174587482977e-10,3.2335785910101105e-11,1.9831163467312516e-09,1.4024397289560602e-09,2.476628823534469e-10,1.671856054437054e-09,1.1659838453782414e-09,6.047486516783393e-10,8.66309433684521e-09,2.416468983644215e-09,7.470867592454699e-10,2.4396821650394488e-11,1.052283005419281e-09,9.164262374486821e-10,3.259573455579531e-09,1.227127933025613e-09,3.2337016925119622e-09,9.259427444435779e-12,3.712550152420463e-11,1.2909014972004848e-09,1.2017246299463487e-11,6.094292745757807e-11,9.627649761509695e-10,1.347842846313778e-10,6.182118857201751e-11,2.798902031979733e-10,1.3890958042881965e-09,9.357127341402487e-11,4.261342387248193e-10,2.478154270892755e-09,1.8385818661567846e-10,5.143975784851778e-12,3.2470308791651555e-09,2.4854591602489904e-12,3.3867782260499445e-09,3.5307418895991525e-10,2.5528528490775325e-11,6.877796542133497e-10,1.6185982813522656e-10,1.6512320199510327e-10,5.182535726054922e-11,1.5875433982777125e-09,2.0595638672595899e-10,1.3325079290934923e-11,2.2194668610131492e-10,1.7843949935131723e-09,1.1746740278823745e-08,1.3308091282967669e-10,9.826728993678478e-13,2.5285412294712635e-10,2.374482726970172e-10,5.6412805101260745e-09,1.8056947280126192e-10,1.7237644553374787e-10,4.6076478275969534e-11,2.6156765058492565e-11,3.133746515647914e-11,2.0102907540041246e-08,3.6068820901117565e-11,2.2104595961130234e-11,2.7663173931250145e-11,3.553808486113894e-10,2.0614514160688777e-11,3.7604965179668445e-11,2.044884429293474e-11,8.868941963244291e-10,1.2983275646012913e-09
25,1.2019296871122993e-09,9.194227986654742e-12,8.699384131977566e-11,1.2539460419530112e-09,7.155468793878173e-10,2.3856363453297865e-10,1.6983672916821374e-10,2.3128584181272804e-12,3.2443213798649283e-10,2.899096344621916e-10,7.16899275444125e-10,2.6504348301646407e-10,1.0862234022462775e-10,6.528302346347271e-11,1.5128045315768933e-10,2.8082893991240553e-11,2.715988474631704e-12,5.803691565059237e-12,2.002395388345144e-10,1.1215900823845697e-08,4.745251958364737e-13,1.8137508866149166e-11,8.397828665675329e-11,3.813518040022756e-11,1.7238011078638406e-09,1.7733192879587578e-11,3.1620420037003547e-10,2.354951047229134e-10,1.5255692884060594e-11,1.3499742097804805e-10,1.8909606336323104e-10,3.509833464760287e-09,2.153823686840987e-09,1.72731750891292e-10,5.68174587482977e-10,3.2335785910101105e-11,1.9831163467312516e-09,1.4024397289560602e-09,4.856427107372038e-11,1.671856054437054e-09,2.3213729777934294e-10,3.0292476393217285e-10,4.6750844157162535e-11,2.0624101593262257e-10,5.598393874865858e-10,2.4396821650394488e-11,1.052283005419281e-09,9.164262374486821e-10,3.259573455579531e-09,1.227127933025613e-09,3.052677626416045e-09,9.028714989429732e-12,3.712550152420463e-11,6.389787013797029e-10,1.2017246299463487e-11,6.094292745757807e-11,2.1586664860266958e-10,2.130007359722086e-12,6.182118857201751e-11,2.798902031979733e-10,1.3890958042881965e-09,9.357127341402487e-11,1.329919953264829e-10,2.478154270892755e-09,1.5953384845802238e-10,7.702586532539425e-13,3.2470308791651555e-09,2.4854591602489904e-12,3.3530602025710524e-09,3.5307418895991525e-10,2.5528528490775325e-11,6.877796542133497e-10,1.4795888908320157e-10,1.6512320199510327e-10,5.6779657348310935e-12,3.4543428831766637e-10,2.0595638672595899e-10,1.3325079290934923e-11,2.2194668610131492e-10,1.7843949935131723e-09,1.5275887813593188e-09,1.3308091282967669e-10,9.826728993678478e-13,1.1095754206806469e-10,2.374482726970172e-10,1.2928570234988176e-09,1.8056947280126192e-10,1.7237644553374787e-10,4.6076478275969534e-11,2.6156765058492565e-11,3.133746515647914e-11,1.0243146901193615e-08,3.6068820901117565e-11,2.2104595961130234e-11,2.7663173931250145e-11,3.553808486113894e-10,2.0614514160688777e-11,3.7604965179668445e-11,2.044884429293474e-11,1.778401624636884e-10,7.30800991870488e-10
26,1.144484132903908e-09,9.194227986654742e-12,4.9641870007013305e-11,1.1122010689042193e-10,5.291194995574241e-10,2.3856363453297865e-10,4.6985391952133255e-11,2.3128584181272804e-12,3.2443213798649283e-10,1.8048626619654066e-10,7.16899275444125e-10,2.277679728897401e-10,1.0862234022462775e-10,6.528302346347271e-11,1.5128045315768933e-10,1.348356871708301e-11,2.715988474631704e-12,5.803691565059237e-12,3.955472112618922e-11,1.7972518424151485e-09,4.029436881072863e-13,1.0974217687038655e-11,1.0990994684793892e-11,1.8386015440354033e-11,7.083974475669077e-11,1.7733192879587578e-11,3.1620420037003547e-10,1.820153141815386e-10,1.5255692884060594e-11,1.3499742097804805e-10,1.193545185395406e-10,1.266074528632802e-09,3.682689424974343e-10,7.657484450902325e-11,1.5748470292000152e-10,3.2335785910101105e-11,1.8534722329593826e-09,1.2504290334771745e-09,4.856427107372038e-11,1.460950399032523e-09,2.316675654668936e-10,5.0606326289091636e-11,4.6750844157162535e-11,2.0624101593262257e-10,1.3256823812901483e-10,2.4396821650394488e-11,5.547974645923662e-10,4.150772302939902e-10,3.4990727193175177e-10,1.227127933025613e-09,3.545068289650897e-10,9.028714989429732e-12,3.712550152420463e-11,6.389787013797029e-10,4.0520905806284397e-13,6.094292745757807e-11,2.1586664860266958e-10,2.130007359722086e-12,6.182118857201751e-11,2.798902031979733e-10,7.684450769378854e-10,9.357127341402487e-11,2.5627324034941307e-11,1.5124318907640666e-10,1.4233578680475244e-10,1.2518533039552536e-13,1.2415360760522645e-09,2.4854591602489904e-12,5.204720033749815e-10,3.5307418895991525e-10,1.6967294929376897e-12,6.877796542133497e-10,6.460588116747298e-11,1.6512320199510327e-10,5.6779657348310935e-12,3.4543428831766637e-10,2.0595638672595899e-10,1.3325079290934923e-11,2.2194668610131492e-10,1.7843949935131723e-09,7.218540962561199e-10,3.392641179172043e-11,9.826728993678478e-13,7.884793939360338e-11,2.374482726970172e-10,1.2928570234988176e-09,1.1803015205075191e-10,1.7237644553374787e-10,4.6076478275969534e-11,2.0863491097704177e-12,2.6683436663720413e-12,3.734740771208441e-09,3.6068820901117565e-11,1.7887283627572636e-11,2.4893240077252197e-11,5.697993233820211e-11,2.0614514160688777e-11,1.4432072629157654e-12,2.044884429293474e-11,3.396516877049819e-11,3.1525301041098214e-10
27,9.685919829207638e-10,9.194227986654742e-12,4.7619251020930074e-11,1.1122010689042193e-10,3.537168524330694e-10,1.9076697484651218e-11,4.6985391952133255e-11,2.3128584181272804e-12,2.198827038832823e-11,1.6320523711168092e-11,7.16899275444125e-10,2.3410323098195388e-11,1.0862234022462775e-10,2.157202161012386e-12,1.5128045315768933e-10,2.0799844824293113e-12,2.715988474631704e-12,3.098057697675982e-12,1.0896356526250048e-11,1.431037137812402e-09,4.029436881072863e-13,7.817645564241152e-12,1.0990994684793892e-11,5.95219737582784e-12,7.083974475669077e-11,1.7733192879587578e-11,1.1067048906801995e-11,3.7850555727542786e-11,1.883908629108019e-12,1.3499742097804805e-10,1.193545185395406e-10,1.6683550193232517e-10,2.7600307742284844e-10,7.657484450902325e-11,1.5748470292000152e-10,3.2335785910101105e-11,3.0994495964432395e-10,9.194946567745613e-10,4.856427107372038e-11,8.462842838227068e-10,2.867824221165031e-11,2.2261635416094275e-11,4.6750844157162535e-11,1.2203131228620157e-10,1.3256823812901483e-10,2.4396821650394488e-11,5.547974645923662e-10,1.120408638346923e-10,1.6202309596121578e-11,3.8593738999319713e-10,3.545068289650897e-10,9.028714989429732e-12,3.712550152420463e-11,6.389787013797029e-10,4.0520905806284397e-13,2.5737397634637888e-11,2.1586664860266958e-10,2.130007359722086e-12,2.620544098734067e-12,9.503960287393231e-11,1.3434180340655913e-10,9.357127341402487e-11,2.5627324034941307e-11,1.5124318907640666e-10,1.8748156230329232e-11,1.2518533039552536e-13,6.178085924655698e-10,2.4854591602489904e-12,5.204720033749815e-10,1.0144414478592834e-10,1.6967294929376897e-12,6.877796542133497e-10,4.9684518044021015e-12,8.589565346243893e-11,5.6779657348310935e-12,3.4543428831766637e-10,2.0595638672595899e-10,1.3325079290934923e-11,8.753605815326543e-11,1.7843949935131723e-09,7.218540962561199e-10,3.392641179172043e-11,9.826728993678478e-13,5.347610867271457e-11,2.374482726970172e-10,5.070483209094584e-10,1.1803015205075191e-10,1.7237644553374787e-10,5.188379724482838e-13,2.0863491097704177e-12,1.7038570546332572e-12,1.0894860123280574e-09,2.940698740674808e-12,1.7887283627572636e-11,2.0383195600797468e-11,5.616560381675154e-11,2.0614514160688777e-11,1.4432072629157654e-12,2.044884429293474e-11,3.396516877049819e-11,1.8130058261915262e-10
28,1.1051989811109393e-11,4.071163663361174e-12,1.5616364722037893e-11,1.1122010689042193e-10,3.537168524330694e-10,1.9076697484651218e-11,2.525597298182292e-11,2.7977101165298594e-13,2.198827038832823e-11,1.6320523711168092e-11,7.16899275444125e-10,1.290185570320253e-12,9.61116047524621e-11,2.157202161012386e-12,1.2706688204401253e-10,2.0799844824293113e-12,2.715988474631704e-12,3.098057697675982e-12,1.821271355285189e-13,1.431037137812402e-09,4.029436881072863e-13,2.1715705741159874e-13,1.0990994684793892e-11,5.95219737582784e-12,7.083974475669077e-11,1.7733192879587578e-11,1.1067048906801995e-11,3.296130062083062e-11,1.883908629108019e-12,1.3499742097804805e-10,1.193545185395406e-10,1.6683550193232517e-10,2.7600307742284844e-10,4.325236287398473e-11,3.080625652563893e-11,3.2335785910101105e-11,8.994783720790649e-11,2.602233177678807e-10,4.856427107372038e-11,8.462842838227068e-10,2.867824221165031e-11,2.2261635416094275e-11,4.6750844157162535e-11,1.2203131228620157e-10,1.273349704819889e-10,2.4396821650394488e-11,5.547974645923662e-10,1.120408638346923e-10,1.6202309596121578e-11,3.8593738999319713e-10,3.545068289650897e-10,2.6377651306656603e-13,3.712550152420463e-11,6.389787013797029e-10,4.0520905806284397e-13,2.5737397634637888e-11,2.1586664860266958e-10,2.130007359722086e-12,2.620544098734067e-12,1.8514752608145086e-12,4.114385227046986e-11,9.357127341402487e-11,2.5627324034941307e-11,1.5124318907640666e-10,1.8748156230329232e-11,1.2518533039552536e-13,6.178085924655698e-10,2.1473269642641762e-13,5.204720033749815e-10,3.536108935385292e-11,1.6967294929376897e-12,1.1143564286203986e-10,5.017741210245548e-13,8.589565346243893e-11,5.6779657348310935e-12,3.4543428831766637e-10,6.362565185061148e-11,1.3325079290934923e-11,8.753605815326543e-11,1.7843949935131723e-09,7.85180188692003e-11,3.392641179172043e-11,9.826728993678478e-13,4.981216592054172e-11,6.8378277108834e-11,5.070483209094584e-10,1.3377353625190214e-11,1.7237644553374787e-10,5.188379724482838e-13,2.0863491097704177e-12,1.7038570546332572e-12,1.0894860123280574e-09,2.3982486527680305e-12,1.8285891342535753e-12,5.233053901289305e-13,5.616560381675154e-11,2.0614514160688777e-11,1.4432072629157654e-12,2.044884429293474e-11,1.6003500784674272e-12,1.4008883846900858e-10
29,1.1051989811109393e-11,2.951832692725512e-12,1.545674831860001e-11,1.342939329050634e-11,3.537168524330694e-10,1.2552071498221625e-11,1.7888315332240074e-11,2.7977101165298594e-13,2.198827038832823e-11,1.3035733263617319e-11,5.294644518461513e-11,1.290185570320253e-12,9.61116047524621e-11,2.157202161012386e-12,1.5884837245922413e-11,2.0799844824293113e-12,6.000000012287759e-13,4.29076565563093e-13,1.821271355285189e-13,1.431037137812402e-09,4.029436881072863e-13,2.1715705741159874e-13,1.0990994684793892e-11,4.924093187739857e-12,7.083974475669077e-11,1.0005966419849946e-11,1.1067048906801995e-11,3.296130062083062e-11,1.883908629108019e-12,1.3499742097804805e-10,3.133891038734622e-12,1.6683550193232517e-10,6.892629353193774e-11,1.6425486495947594e-11,3.080625652563893e-11,2.4087388161608407e-12,8.994783720790649e-11,1.0811528141567613e-10,4.856427107372038e-11,1.4653325878736995e-10,2.0304503207671165e-11,2.2261635416094275e-11,4.6750844157162535e-11,1.2203131228620157e-10,1.273349704819889e-10,2.4396821650394488e-11,5.547974645923662e-10,1.120408638346923e-10,1.6202309596121578e-11,6.623324824222384e-11,3.545068289650897e-10,2.6377651306656603e-13,3.712550152420463e-11,9.521514466796349e-11,4.0520905806284397e-13,2.5737397634637888e-11,2.3004074701178188e-11,2.130007359722086e-12,1.286834941569373e-13,1.8514752608145086e-12,4.114385227046986e-11,9.357127341402487e-11,1.8627833235488584e-12,7.038573980950206e-11,1.8748156230329232e-11,1.2518533039552536e-13,2.6780343302304066e-10,2.1473269642641762e-13,5.204720033749815e-10,3.499982398722514e-11,1.6967294929376897e-12,1.1143564286203986e-10,5.017741210245548e-13,8.589565346243893e-11,5.6779657348310935e-12,2.872550224492219e-11,6.362565185061148e-11,1.3325079290934923e-11,3.6677803546413174e-11,1.682040764649852e-09,7.85180188692003e-11,3.392641179172043e-11,9.826728993678478e-13,3.507352236685192e-11,6.8378277108834e-11,5.070483209094584e-10,1.2695280098284668e-11,7.472070268011018e-11,5.188379724482838e-13,2.0863491097704177e-12,1.7038570546332572e-12,1.0894860123280574e-09,2.3982486527680305e-12,1.8285891342535753e-12,5.233053901289305e-13,1.906907141296577e-11,2.0614514160688777e-11,1.608580504895093e-13,1.5504957762783988e-11,1.6003500784674272e-12,9.723546755897403e-11
30,1.1051989811109393e-11,2.951832692725512e-12,2.284788257101615e-12,1.342939329050634e-11,1.1873022826698636e-11,7.53613180838017e-12,1.7888315332240074e-11,2.7977101165298594e-13,5.365147687380314e-12,5.1277236377233054e-14,5.294644518461513e-11,1.290185570320253e-12,9.61116047524621e-11,2.157202161012386e-12,1.5884837245922413e-11,2.0799844824293113e-12,6.000000012287759e-13,4.29076565563093e-13,1.821271355285189e-13,5.076448289988166e-10,3.1044364807937096e-13,2.1715705741159874e-13,2.7597035316491884e-12,4.924093187739857e-12,7.083974475669077e-11,6.760901358368902e-12,1.1067048906801995e-11,5.707068764758399e-13,1.883908629108019e-12,1.3499742097804805e-10,3.133891038734622e-12,1.6683550193232517e-10,2.956495109925748e-12,6.616919198498595e-12,3.080625652563893e-11,4.830253331773214e-13,1.87637928498936e-11,3.2829925007762243e-11,1.0696261064181274e-11,1.4653325878736995e-10,3.671888870356938e-13,2.2261635416094275e-11,4.6750844157162535e-11,1.1570345922660458e-10,4.641530391164952e-11,1.100179604464609e-11,4.2400665975470267e-10,1.120408638346923e-10,1.6202309596121578e-11,5.70223127192614e-11,3.152038916284292e-10,1.0887589931047698e-13,1.1404170452723758e-11,9.521514466796349e-11,4.0520905806284397e-13,1.0624230266171407e-11,2.3004074701178188e-11,2.130007359722086e-12,1.286834941569373e-13,1.8514752608145086e-12,7.18076124969617e-12,9.357127341402487e-11,1.8627833235488584e-12,7.038573980950206e-11,1.8748156230329232e-11,2.985026305708879e-14,2.6780343302304066e-10,1.171186581462737e-13,5.204720033749815e-10,3.499982398722514e-11,5.382140465527713e-13,2.984910782717032e-11,5.017741210245548e-13,2.348230802970789e-11,5.6779657348310935e-12,2.872550224492219e-11,4.97881135257133e-11,1.3325079290934923e-11,1.569867474616576e-11,1.682040764649852e-09,7.340204902446361e-11,3.392641179172043e-11,9.826728993678478e-13,2.3252853402909588e-11,6.8378277108834e-11,5.070483209094584e-10,1.2695280098284668e-11,7.472070268011018e-11,5.188379724482838e-13,1.716322392986672e-12,1.2439963390477594e-13,8.481910580674146e-10,1.7558389886654136e-12,1.8285891342535753e-12,5.233053901289305e-13,1.906907141296577e-11,2.0614514160688777e-11,1.608580504895093e-13,9.551168721709287e-12,1.6003500784674272e-12,7.282731883636154e-11
